<html><head><title></title></head><body bgcolor="#AAAAAA"><font face="Lucida Grande, Lucida Sans Unicode"><table align="center" cellpadding="0" cellspacing="0"><tr><td><table width="560" bgcolor="#FFFFFF" cellspacing="0" cellpadding="0"><tr><td><table bgcolor="#BBBBBB" width="100%" cellspacing="0" cellpadding="0"><tr><td width="90%" valign="center"><font size="5" color="#FFFFFF"><em>Resultado</em></font></td><td width="10%" valign="center" align="right"></td></tr></table><h1><font color="#041ACC">Datos de la imagen</font></h1><table cellspacing="10" border="0"><tr><td>Cantidad de pixels por banda: 622755</td></tr></table><h1><font color="#041ACC">Estadísticas</font></h1><table cellpadding="0" cellspacing="20"> <tr><td>  <table cellpadding="0" cellspacing="0">   <tr><td valign="top">    <h1><font color="#041ACC">Parametros basicos</font></h1>   </td></tr>   <tr valign="top">    <td valign="top"><table border="1"><tr><th>Parametro</th><th>Banda #1</th><th>Banda #2</th><th>Banda #3</th><th>Banda #4</th><th>Banda #5</th><th>Banda #6</th></tr><tr><td>Media</td><td>192.762610</td><td>385.112420</td><td>301.296590</td><td>2920.106700</td><td>1289.823900</td><td>580.020750</td></tr><tr><td>Varianza</td><td>9452.397100</td><td>18455.148000</td><td>64347.610000</td><td>526404.770000</td><td>312563.830000</td><td>172557.800000</td></tr><tr><td>Minimo</td><td>-34.000000</td><td>88.000000</td><td>80.000000</td><td>13.000000</td><td>-24.000000</td><td>-16.000000</td></tr><tr><td>Maximo</td><td>4589.000000</td><td>5607.000000</td><td>5578.000000</td><td>5295.000000</td><td>6066.000000</td><td>10585.000000</td></tr></table></td></tr>  </table> </td></tr></table><table cellpadding="0" cellspacing="20"> <tr><td>  <table cellpadding="0" cellspacing="0">   <tr><td valign="top">    <h1><font color="#041ACC">Autovalores (Matriz de Correlacion)</font></h1>   </td></tr>   <tr valign="top">    <td valign="top"><table border="1"><tr><th>Parametro</th><th>Componente #1</th><th>Componente #2</th><th>Componente #3</th><th>Componente #4</th><th>Componente #5</th><th>Componente #6</th></tr><tr><td>Autovalor</td><td>4.467761</td><td>1.227732</td><td>0.238672</td><td>0.039765</td><td>0.017852</td><td>0.008220</td></tr></table></td></tr>  </table> </td></tr></table><table cellpadding="0" cellspacing="20"> <tr><td>  <table cellpadding="0" cellspacing="0">   <tr><td valign="top">    <h1><font color="#041ACC">Matriz de correlacion</font></h1>   </td></tr>   <tr valign="top">    <td valign="top"><table border="1"><tr><th></th><th>Banda #1</th><th>Banda #2</th><th>Banda #3</th><th>Banda #4</th><th>Banda #5</th><th>Banda #6</th></tr><tr><td>Banda #1</td><td>1.000000</td><td>0.967972</td><td>0.961213</td><td>-0.366941</td><td>0.666151</td><td>0.838082</td></tr><tr><td>Banda #2</td><td>0.967972</td><td>1.000000</td><td>0.952320</td><td>-0.230561</td><td>0.708741</td><td>0.844936</td></tr><tr><td>Banda #3</td><td>0.961213</td><td>0.952320</td><td>1.000000</td><td>-0.238467</td><td>0.776536</td><td>0.922709</td></tr><tr><td>Banda #4</td><td>-0.366941</td><td>-0.230561</td><td>-0.238467</td><td>1.000000</td><td>0.215459</td><td>-0.039167</td></tr><tr><td>Banda #5</td><td>0.666151</td><td>0.708741</td><td>0.776536</td><td>0.215459</td><td>1.000000</td><td>0.941468</td></tr><tr><td>Banda #6</td><td>0.838082</td><td>0.844936</td><td>0.922709</td><td>-0.039167</td><td>0.941468</td><td>1.000000</td></tr></table></td></tr>  </table> </td></tr></table><table cellpadding="0" cellspacing="20"> <tr><td>  <table cellpadding="0" cellspacing="0">   <tr><td valign="top">    <h1><font color="#041ACC">Matriz de covarianza</font></h1>   </td></tr>   <tr valign="top">    <td valign="top"><table border="1"><tr><th></th><th>Banda #1</th><th>Banda #2</th><th>Banda #3</th><th>Banda #4</th><th>Banda #5</th><th>Banda #6</th></tr><tr><td>Banda #1</td><td>9452.381005</td><td>12784.742280</td><td>23705.893248</td><td>-25883.687675</td><td>36208.662430</td><td>33847.302967</td></tr><tr><td>Banda #2</td><td>12784.742280</td><td>18455.113912</td><td>32817.619123</td><td>-22724.972864</td><td>53828.793639</td><td>47681.393398</td></tr><tr><td>Banda #3</td><td>23705.893248</td><td>32817.619123</td><td>64347.504741</td><td>-43888.732531</td><td>110127.604984</td><td>97229.409656</td></tr><tr><td>Banda #4</td><td>-25883.687675</td><td>-22724.972864</td><td>-43888.732531</td><td>526403.810218</td><td>87396.468802</td><td>-11804.549012</td></tr><tr><td>Banda #5</td><td>36208.662430</td><td>53828.793639</td><td>110127.604984</td><td>87396.468802</td><td>312563.249510</td><td>218645.917947</td></tr><tr><td>Banda #6</td><td>33847.302967</td><td>47681.393398</td><td>97229.409656</td><td>-11804.549012</td><td>218645.917947</td><td>172557.519440</td></tr></table></td></tr>  </table> </td></tr></table><table cellpadding="0" cellspacing="20"> <tr><td>  <table cellpadding="0" cellspacing="0">   <tr><td valign="top">    <h1><font color="#041ACC">Autovectores (Matriz de Correlacion)</font></h1>   </td></tr>   <tr valign="top">    <td valign="top"><table border="1"><tr><th></th><th>Banda #1</th><th>Banda #2</th><th>Banda #3</th><th>Banda #4</th><th>Banda #5</th><th>Banda #6</th></tr><tr><td>Componente #1</td><td>0.451538</td><td>0.452383</td><td>0.465979</td><td>-0.090105</td><td>0.400993</td><td>0.453225</td></tr><tr><td>Componente #2</td><td>-0.209390</td><td>-0.094967</td><td>-0.064257</td><td>0.861268</td><td>0.412864</td><td>0.175412</td></tr><tr><td>Componente #3</td><td>-0.314692</td><td>-0.498705</td><td>-0.125755</td><td>-0.467036</td><td>0.513080</td><td>0.393793</td></tr><tr><td>Componente #4</td><td>0.033909</td><td>0.513747</td><td>-0.670456</td><td>-0.139550</td><td>0.437866</td><td>-0.272400</td></tr><tr><td>Componente #5</td><td>-0.803238</td><td>0.508741</td><td>0.247757</td><td>-0.091431</td><td>-0.111143</td><td>0.117879</td></tr><tr><td>Componente #6</td><td>0.083052</td><td>0.121943</td><td>-0.502021</td><td>0.064363</td><td>-0.448795</td><td>0.721559</td></tr></table></td></tr>  </table> </td></tr></table></td></tr></table></td></tr></table></font></body></html>